1.284092677365374584e+02 1.315224645701628390e+02 -5.220506528959116821e-01 5.953056905657122533e-01
1.284092677365374584e+02 1.315224645701628390e+02 5.953056905657122533e-01 1.389227504373278466e+00
1.284092677365374584e+02 1.315224645701628390e+02 1.389227504373278466e+00 2.424010372269338465e+00
1.315224645701628390e+02 1.341800407654220919e+02 -4.847282525951016607e-01 5.661234789726184990e-01
1.315224645701628390e+02 1.341800407654220919e+02 5.661234789726184990e-01 1.391072171036089822e+00
1.315224645701628390e+02 1.341800407654220919e+02 1.391072171036089822e+00 2.423943132367765596e+00
1.341800407654220919e+02 1.362018499830055021e+02 -1.556144330583533630e+00 4.713058683651178415e-01
1.341800407654220919e+02 1.362018499830055021e+02 4.713058683651178415e-01 1.553169613587590980e+00
1.341800407654220919e+02 1.362018499830055021e+02 1.553169613587590980e+00 3.170702272110331066e+00
1.362018499830055021e+02 1.377861783454416980e+02 -1.556127578225340757e+00 -2.030366378316888001e-02
1.362018499830055021e+02 1.377861783454416980e+02 -2.030366378316888001e-02 1.400593507586906705e+00
1.362018499830055021e+02 1.377861783454416980e+02 1.400593507586906705e+00 3.245771441031439331e+00
1.377861783454416980e+02 1.393231115450875279e+02 -1.556123595378287039e+00 1.859085947871899278e-02
1.377861783454416980e+02 1.393231115450875279e+02 1.859085947871899278e-02 1.413888052887374513e+00
1.377861783454416980e+02 1.393231115450875279e+02 1.413888052887374513e+00 3.499994705102311698e+00
1.393231115450875279e+02 1.411069606853378957e+02 -1.455494096268318938e+00 3.553156923191607697e-01
1.393231115450875279e+02 1.411069606853378957e+02 3.553156923191607697e-01 1.949906758269240425e+00
1.393231115450875279e+02 1.411069606853378957e+02 1.949906758269240425e+00 3.499997976598554494e+00
1.758256712822681038e+02 1.779966488309348449e+02 -1.604576138770388072e+00 -1.311853080143800254e-01
1.758256712822681038e+02 1.779966488309348449e+02 -1.311853080143800254e-01 1.192025368744540126e+00
1.779966488309348449e+02 1.794216321877635494e+02 -1.655666238794231360e+00 -1.698407698520621456e-01
1.779966488309348449e+02 1.794216321877635494e+02 -1.698407698520621456e-01 1.265491894012410468e+00
1.794216321877635494e+02 1.809000508959373690e+02 -1.641089484930621456e+00 -2.252583037727350079e-01
1.794216321877635494e+02 1.809000508959373690e+02 -2.252583037727350079e-01 1.264916591526258793e+00
1.809000508959373690e+02 1.826787398757701908e+02 -1.640254679673610161e+00 -1.680585527346544206e-01
1.809000508959373690e+02 1.826787398757701908e+02 -1.680585527346544206e-01 1.266283002663374679e+00
2.110175904514038052e+02 2.143745682919651188e+02 -1.576944993058839950e+00 -7.185596266825887701e-01
2.110175904514038052e+02 2.143745682919651188e+02 -7.185596266825887701e-01 -1.179068215521913571e-01
2.110175904514038052e+02 2.143745682919651188e+02 -1.179068215521913571e-01 4.774115085409019743e-01
2.110175904514038052e+02 2.143745682919651188e+02 4.774115085409019743e-01 1.265972407741112526e+00
2.143745682919651188e+02 2.178378983199255003e+02 -1.576948802372502012e+00 -6.819211656003532074e-01
2.143745682919651188e+02 2.178378983199255003e+02 -6.819211656003532074e-01 -1.004180861461086705e-01
2.143745682919651188e+02 2.178378983199255003e+02 -1.004180861461086705e-01 4.959322382098654836e-01
2.143745682919651188e+02 2.178378983199255003e+02 4.959322382098654836e-01 1.266368938776125219e+00
2.178378983199255003e+02 2.210099078413352629e+02 -1.576943433892259661e+00 -7.882597948475300598e-01
2.178378983199255003e+02 2.210099078413352629e+02 -7.882597948475300598e-01 -1.715454975382731118e-01
2.178378983199255003e+02 2.210099078413352629e+02 -1.715454975382731118e-01 4.488934088426505542e-01
2.178378983199255003e+02 2.210099078413352629e+02 4.488934088426505542e-01 1.266496746207831814e+00
2.210099078413352629e+02 2.244453094523250059e+02 -1.576938447378277042e+00 -7.533470441333958156e-01
2.210099078413352629e+02 2.244453094523250059e+02 -7.533470441333958156e-01 -1.151140390319221468e-01
2.210099078413352629e+02 2.244453094523250059e+02 -1.151140390319221468e-01 4.811888641760524998e-01
2.210099078413352629e+02 2.244453094523250059e+02 4.811888641760524998e-01 1.265415979907647426e+00
